

----------Testing part 1------------------


loadDataFrom outputs:
([8.751, 9.608, -12.126, -10.08, -13.779, 10.556, 9.167, 11.669, -7.612, 8.037, 7.116, -10.897, 12.025, 10.516, -9.419, 13.321, -9.336, -10.339, 10.647, 10.918, 8.435, 10.95, -9.608, 13.289, 12.203, 11.87, 7.296, -8.652, 7.662, -10.122, -13.058, -9.791, -9.178, 13.176, 11.569, -11.625, -7.437, 12.285, -11.138, 12.305, 8.165, -9.759, 7.337, 11.566, -8.762, 8.401, 12.893, -12.654, -8.456, 11.428, -13.513, 7.793, 13.151, 10.675, 10.226, 7.631, 10.586, 7.864, 11.531, 12.042, -10.315, 7.378, -10.969, -10.715, -11.838, -7.941, 12.034, 7.749, -7.815, -9.181, 7.643, 11.18, 9.638, 11.793, 9.893, -11.465, 7.01, -8.752, 8.859, -7.259, 13.149, 12.832, -12.412, -11.747, 13.765, 12.216, 11.569, 11.041, -12.626, -11.365, -12.534, 8.352, 7.27, 10.275, -7.793, 10.376, -7.956, 7.238, 10.504, 11.766, 8.72, 7.214, -11.301, -12.099, 11.735, -13.605, 12.94, 12.773, 12.898, 10.891, 7.103, 9.064, 11.777, -10.054, 11.042, 9.793, 8.19, 11.276, 7.955, 7.797, 10.26, 12.968, 10.48, 12.59, 9.731, 13.891, 12.438, -12.459, 12.156, 10.422, 10.432, 7.319, 10.403, 10.285, 9.64, 9.162, -11.274, -7.237, 8.052, 7.153, -10.119, -7.837, 12.451, 10.338, 13.818, 10.709, -13.97, 12.277, 7.84, 11.086, -8.058, 10.206, -7.436, 12.29, 9.147, 7.703, -9.247, -9.368, 8.714, 11.901, 13.22, 7.493, 7.786, -7.27, 11.96, 8.0, 7.027, 13.109, 12.217, -12.922, -13.254, -12.562, 10.585, -10.227, 8.385, 10.843, -9.687, 8.698, 7.88, 11.906, 13.431, -8.616, -7.172, -8.318, 9.196, 9.756, -11.372, -8.37, 9.64, 13.838, -13.698, 10.676, -7.014, 8.173, 8.603, 12.567, 11.233, 11.214, 13.452, 10.304, 8.198, 9.695, -13.598, -10.646, 11.579, -8.433, -11.287, 12.146, -9.378, 9.626, 11.226, -12.337, 8.848, 13.23, 13.764, 9.646, 8.388, 13.253, 10.455, 13.188, 7.941, -10.747, -11.637, 8.686, 11.382, 11.196, -8.452, -7.786, -11.491, -11.808, 12.129, -12.013, 12.445, -9.987, 8.929, 10.622, 9.352, 7.468, 9.758, 9.904, 9.089, 11.041, 9.994], 7) 

 ([13.126, -16.546, -12.508, -10.405, -16.52, 16.668, -18.032, 13.099, 17.212, 11.545, 19.371, 13.774, 17.488, -12.508, 10.314, 17.728, -14.911, -16.132, -12.725, -15.5, -17.485, 13.168, 19.678, 12.37, 14.665, -15.607, 16.411, -12.447, -17.29, 16.367, 15.507, 10.71, 18.055, -11.859, 17.356, 17.541, 16.364, 14.558, 15.315, 12.158, -12.279, -14.408, -19.27, 13.851, 12.157, 15.855, 12.683, 17.42, 13.042, -14.436, -16.388, 19.143, 14.084, 16.414, 16.771, -17.958, -16.937, 18.086, 16.314, 17.099, -17.505, -15.714, 16.138, -10.567, 19.859, 12.623, 10.871, -19.616, 12.942, -11.322, -10.005, 17.904, 18.804, 16.082, 13.405, 11.253, 16.585, 17.901, -19.272, 11.807, 19.932, 14.675, 13.266, -16.477, -12.846, 18.83, 19.087, 18.847, 11.964, 14.136, 15.872, 15.859, 16.616, 15.46, 17.151, 14.642, -19.36, 15.267, -17.023, -18.593, 16.825, 17.887, 18.542, -10.035, -18.135, 15.669, -16.071, 18.692, 18.598, 13.016, 14.994, -17.28, 18.772, 16.123, 13.708, 11.391, 10.577, -15.505, -18.702, 16.922, -14.519, -10.889, 11.04, 14.116, 19.358, 16.94, -16.23, 13.484, -13.348, 16.146, 18.82, 17.906, -18.722, 12.883, 19.883, 15.231, 19.617, 14.131, 10.556, 17.322, 11.223, 19.128, 11.722, 10.551, -16.745, -14.305, -14.093, 19.968, -19.643, -18.785, 19.428, 17.974, 17.432, 10.504, 18.539, 17.392, -11.847, 17.869, 19.247, -13.24, 14.855, 12.49, -19.123, 17.694, 13.568, 19.475, -16.312, 12.229, 17.965, 10.334, -12.465, 15.889, 17.832, -13.636, -15.363, -12.209, 19.365, -15.935, -13.796, -12.556, 18.829, -15.931, -13.353, 13.484, 10.096, 11.292, -15.058, 11.08, 19.763, 10.112, 18.611, -10.196, -11.827, 10.271, 19.93, 15.397, 11.905, -16.801, -17.991, 12.93, 11.991, 16.209, -14.037, 12.767, -16.063, 13.326, -16.96, 14.391, 11.726, -15.319, 17.322, 11.8, 14.916, 12.278, 11.248, 14.455, -18.078, 11.82, 11.613, -12.902, 14.671, 10.709, 17.853, 15.53, -14.852, 13.039, 18.444, -14.908, -15.28, -14.855, 13.524, 16.146, 17.305, 13.463, -12.244, 16.677, 10.276, -11.266, 16.978, -12.683], 10) 

 ([-2.728, -3.646, 3.624, 4.779, 1.835, 4.712, -4.536, 1.664, 1.881, 3.843, 1.04, 4.437, 1.403, 1.091, -4.758, -4.989, 3.238, 3.981, 4.019, 2.035, 4.657, -4.578, 2.773, -4.36, 4.745, 2.434, 1.113, 2.269, 3.341, 2.937, 2.325, 2.446, -2.312, 3.965, 4.013, 4.219, 1.87, 3.737, 1.107, 1.897, 2.144, -1.512, -3.568, 4.453, 2.595, -4.609, -3.882, -3.562, 2.283, -2.322, -3.233, 2.821, 4.477, 2.635, 2.974, 2.496, 1.931, 3.04, 2.459, 1.5, -3.884, 4.482, 4.399, -1.777, 1.819, 2.987, 4.176, 4.421, 2.937, 1.495, 3.25, 3.387, 1.012, -4.903, -1.239, -2.228, 2.868, 2.169, -2.188, 1.173, -3.417, -4.1, 1.44, 2.028, -3.277, 1.732, 4.942, -1.419, -3.581, 4.092, -4.909, 4.922, -3.224, -1.144, 1.991, 2.224, 2.106, 4.263, 3.698, 4.668, 1.008, 4.813, -2.021, 3.336, -1.008, 1.314, 2.94, -4.358, 4.219, -3.343, 2.643, 1.627, 3.603, 1.301, -4.463, -4.492, 3.823, -3.317, 1.754, 1.063, -2.848, 2.639, -2.735, -1.352, -4.146, 4.261, 2.161, 4.354, 3.871, 4.544, 1.323, 1.786, -4.489, 4.752, -4.297, 3.415, 2.652, 1.713, 4.864, -3.753, 3.714, 3.688, 4.94, 2.366, -2.613, -1.008, -4.308, 4.134, -1.448, 2.126, -1.768, 3.764, 3.26, -4.351, 4.073, 2.601, 1.817, -4.422, -3.191, 4.482, 2.322, 2.521, -2.654, 2.175, 2.154, 4.041, 3.172, 4.476, 2.691, -4.113, 3.17, 4.979, 3.712, 4.334, 1.089, 1.285, -4.761, 2.338, 3.493, 1.684, 4.08, -3.347, 4.358, -4.238, -2.075, 4.72, 3.08, 3.274, 1.563, 3.407, -2.788, 1.749, 3.377, -2.8, 1.483, 2.061, -1.282, 2.072, 1.958, 4.732, 1.143, -1.504, -3.608, 2.482, 2.791, 3.163, 2.629, 2.172, 1.672, 2.636, 1.996, 4.305, 3.582, -2.725, 1.598, 2.48, 1.459, 3.762, -1.587, 3.314, 2.167, 3.418, 1.585, 2.853, -1.833, 1.632, 3.971, 3.448, -3.498, 1.297, 4.761, 4.789, 3.729, 2.184, -3.762, 3.796, 2.432, 3.489, -4.492, 4.075, 1.108, 2.608, 4.67, 4.699], 6)
isBounded outputs for range -13 to 13:
False
False
True
isBounded outputs for range -14 to 14:
True
False
True
isBounded outputs for range -15 to 15:
True
False
True
isBounded outputs for range -16 to 16:
True
False
True
isBounded outputs for range -17 to 17:
True
False
True
isBounded outputs for range -18 to 18:
True
False
True
isBounded outputs for range -19 to 19:
True
False
True
isBounded outputs for range -20 to 20:
True
True
True
isBounded outputs for range -21 to 21:
True
True
True


----------Testing part 2------------------


signalsDict[XZC-901] = []


signalsDict[HPQ-298] = []


signalsDict[InvalidNamedSignal] = None


signalsDict[HQP-689] = [7.461, 11.584, 8.775, 7.463, -8.863, -8.554, 8.582, 9.159, 9.611, -7.703, -11.123, 7.805, -7.084, 7.067, 11.923, 11.536, 8.302, 11.859, 10.382, 10.524, 7.79, 11.667, 11.547, -7.906, -11.947, 9.236, -8.904, 10.394, 8.326, -7.913, 9.181, -10.824, -7.495, 7.508, -11.941, 9.384, 9.433, 8.867, 8.487, 9.9, -7.304, 7.012, 10.423, 9.874, 9.567, 9.513, 7.653, 9.033, 8.541, 10.037, -9.791, -9.535, 10.543, 9.055, -8.105, 11.235, -11.293, -10.125, 9.324, 11.588, 9.59, -10.87, -9.445, 10.92, -9.012, 9.829, -10.562, 10.704, 10.243, 10.497, -11.443, 10.928, 9.715, -9.862, -9.804, -10.408, -8.806, 11.092, 10.832, 11.127, 11.044, 7.374, -10.644, 9.701, 8.09, 8.0, -11.617, 10.147, 8.424, -10.257, 10.377, -11.717, -10.84, 7.031, 10.58, -11.358, -9.973, 9.581, -10.422, -8.051, -11.671, 9.568, -10.26, 11.769, 11.821, 7.294, 10.163, 11.066, 7.076, 9.033, 10.921, -9.62, 7.037, 7.411, 9.817, 10.985, 9.804, 11.119, -7.346, 11.193, -7.487, 7.72, 9.036, 10.969, 11.852, 9.051, -9.353, -10.505, 11.196, 10.072, 7.938, 9.151, 8.084, 10.622, 10.531, 11.697, 11.033, -8.343, 9.768, -8.434, -9.954, -11.083, 9.321, 9.588, 11.748, 8.628, 8.135, 8.448, -7.4, 10.684, -8.337, 9.165, 10.146, 10.018, 10.264, -8.442, -8.467, 10.626, 9.094, 11.32, 8.267, 8.454, -9.407, 8.979, -11.91, 8.138, 11.336, -8.007, 9.64, 10.642, -8.367, -7.177, 9.488, 7.543, 11.015, 9.279, 7.101, 11.408, -11.733, 9.05, 7.714, 8.529, 8.706, 9.613, 10.254, -9.253, 9.487, -8.024, -9.401, 9.151, -8.962, -10.851, 8.717, -9.624, 8.931, 10.473, 9.768, -8.751, -9.667, -9.811, 7.965, -10.011, 8.629, -10.068, 10.513, 11.96, 7.276, 10.136, 10.582, 8.31, -10.836, 8.579, 10.555, 9.911, 11.942, -9.619, 9.372, -10.938, -11.884, 9.17, 11.088, -9.299, 7.416, 7.541, 10.695, 10.407, 10.959, 10.84, -8.563, 10.268, -10.934, -11.231, 9.392, -7.403, -9.482, 11.551, -10.4, 8.944, 10.126, 11.863, -8.815, -8.14, 11.227, 8.344, 8.048, -9.428]


signalsDict[GUO-758] = [5.13, 5.484, 4.038, 4.058, 3.409, 4.94, 5.014, 4.584, 5.063, -4.315, -5.73, -5.482, 4.07, -3.893, 4.407, 5.442, -4.984, -4.462, 4.414, 4.38, 4.065, 5.285, 4.738, 4.118, 4.291, 4.737, -5.666, 3.728, -4.504, 5.488, 3.495, 4.037, 5.351, -4.502, 5.625, 3.564, 5.16, 3.938, -3.186, 3.773, 3.908, 4.216, -5.97, 4.299, 4.103, 5.686, -5.652, 5.327, 3.393, -5.111, -3.818, 3.025, -3.933, 3.757, 4.671, -4.283, 5.408, -4.224, -3.989, 3.349, -3.946, -3.755, 5.005, 5.556, 3.694, 3.394, -3.284, 5.933, -3.913, 5.798, -5.122, 5.888, 4.47, 3.604, 3.438, -4.982, 5.953, 4.144, 3.891, -3.991, -5.663, 3.389, 5.745, -3.422, -5.05, 4.108, 4.906, -5.323, 3.882, -5.902, 3.66, -3.456, 5.277, -4.375, 3.432, 3.074, 5.318, -5.756, 5.961, 3.57, 3.277, 4.21, 4.446, -5.538, 4.303, -5.998, 5.919, 4.088, 3.607, 4.379, 4.397, 3.676, -5.253, 3.304, 4.598, 4.903, 4.013, 3.444, 3.15, 5.021, 3.181, 4.762, 4.121, 4.942, 4.796, -3.857, 4.621, -4.723, 5.72, 3.373, 3.794, 4.178, 3.542, 5.815, -3.154, 5.735, 3.109, -3.25, 3.925, -5.889, -3.481, 4.839, 3.7, 5.474, 5.432, 3.293, -4.64, -4.033, 5.092, 5.818, 5.297, 4.065, -5.826, 3.09, -3.705, 3.396, 3.23, -3.501, 4.89, -3.908, 5.337, -3.6, 5.556, 5.354, 5.249, -3.123, 4.672, -5.884, 4.449, 5.573, 4.669, -5.845, 3.678, -4.121, -3.418, -5.901, -5.826, 3.538, 3.685, 4.645, 3.931, 3.082, 4.453, 3.732, 5.857, -3.446, 5.784, 3.104, 3.467, 3.801, 4.247, 5.617, 3.71, 4.73, 4.524, -4.455, -5.959, 3.999, 3.716, -5.452, 5.197, 3.086, -5.143, 4.625, 4.294, 5.775, 3.102, -5.926, 3.607, 4.286, -3.266, 4.824, 4.558, 3.993, -5.13, -5.852, -5.427, 4.263, -4.493, 3.687, 4.413, -5.882, 4.884, 3.675, -4.485, 3.912, 4.568, -3.895, 3.849, -5.129, 3.251, 4.177, -4.222, 4.445, 5.435, 4.678, 3.955, 5.912, 3.404, 4.164, 3.141, 4.659, -3.202, -3.234, 5.377, 3.02, 5.435, 4.895]


signalsDict[AFW-481] = [8.751, 9.608, -12.126, -10.08, -13.779, 10.556, 9.167, 11.669, -7.612, 8.037, 7.116, -10.897, 12.025, 10.516, -9.419, 13.321, -9.336, -10.339, 10.647, 10.918, 8.435, 10.95, -9.608, 13.289, 12.203, 11.87, 7.296, -8.652, 7.662, -10.122, -13.058, -9.791, -9.178, 13.176, 11.569, -11.625, -7.437, 12.285, -11.138, 12.305, 8.165, -9.759, 7.337, 11.566, -8.762, 8.401, 12.893, -12.654, -8.456, 11.428, -13.513, 7.793, 13.151, 10.675, 10.226, 7.631, 10.586, 7.864, 11.531, 12.042, -10.315, 7.378, -10.969, -10.715, -11.838, -7.941, 12.034, 7.749, -7.815, -9.181, 7.643, 11.18, 9.638, 11.793, 9.893, -11.465, 7.01, -8.752, 8.859, -7.259, 13.149, 12.832, -12.412, -11.747, 13.765, 12.216, 11.569, 11.041, -12.626, -11.365, -12.534, 8.352, 7.27, 10.275, -7.793, 10.376, -7.956, 7.238, 10.504, 11.766, 8.72, 7.214, -11.301, -12.099, 11.735, -13.605, 12.94, 12.773, 12.898, 10.891, 7.103, 9.064, 11.777, -10.054, 11.042, 9.793, 8.19, 11.276, 7.955, 7.797, 10.26, 12.968, 10.48, 12.59, 9.731, 13.891, 12.438, -12.459, 12.156, 10.422, 10.432, 7.319, 10.403, 10.285, 9.64, 9.162, -11.274, -7.237, 8.052, 7.153, -10.119, -7.837, 12.451, 10.338, 13.818, 10.709, -13.97, 12.277, 7.84, 11.086, -8.058, 10.206, -7.436, 12.29, 9.147, 7.703, -9.247, -9.368, 8.714, 11.901, 13.22, 7.493, 7.786, -7.27, 11.96, 8.0, 7.027, 13.109, 12.217, -12.922, -13.254, -12.562, 10.585, -10.227, 8.385, 10.843, -9.687, 8.698, 7.88, 11.906, 13.431, -8.616, -7.172, -8.318, 9.196, 9.756, -11.372, -8.37, 9.64, 13.838, -13.698, 10.676, -7.014, 8.173, 8.603, 12.567, 11.233, 11.214, 13.452, 10.304, 8.198, 9.695, -13.598, -10.646, 11.579, -8.433, -11.287, 12.146, -9.378, 9.626, 11.226, -12.337, 8.848, 13.23, 13.764, 9.646, 8.388, 13.253, 10.455, 13.188, 7.941, -10.747, -11.637, 8.686, 11.382, 11.196, -8.452, -7.786, -11.491, -11.808, 12.129, -12.013, 12.445, -9.987, 8.929, 10.622, 9.352, 7.468, 9.758, 9.904, 9.089, 11.041, 9.994]


signalsDict[CIG-308.txt] = None


signalsDict[FPT-701] = []


signalsDict[ABC-123] = None


